00000000
00000000
00000000
00000000
00000000
00000000
00000000
00000000
00000000
00000000
00000000
00000000
00000000
00000000
00000000
00000000
00000000
00000000
00000000
00000000
00000000
00000000
00000000
00000000
00000000
00000000
00000000
00000000
00000000
00000000
00000000
00000000
00000000
00000000
00000000
00000000
00000000
00000000
00000000
00000000
00000000
00000000
00000000
00000000
00000000
00000000
00000000
00000000
00000000
00000000
00000000
00000000
00000000
00000000
00000000
00000000
00000000
00000000
00000000
00000000
00000000
00000000
00000000
00000000
00000000
00000000
00000000
00000000
00000000
00000000
00000000
00000000
00000000
00000000
00000000
00000000
00000000
00000000
00000000
00000000
00000000
00000000
00000000
00000000
00000000
00000000
00000000
00000000
00000000
00000000
00000000
00000000
00000000
00000000
00000000
00000000
00000000
00000000
00000000
00000000
00000000
00000000
00000000
00000000
00000000
00000000
00000000
00000000
00000000
00000000
00000000
00000000
00000000
00000000
00000000
00000000
00000000
00000000
00000000
00000000
00000000
00000000
00000000
00000000
00000000
00000000
00000000
00000000
00000000
00000000
00000000
00000000
00000000
00000000
00000000
00000000
00000000
00000000
00000000
00000000
00000000
00000000
00000000
00000000
00000000
00000000
00000000
00000000
00000000
00000000
00000000
00000000
00000000
00000000
00000000
00000000
00000000
00000000
00000000
00000000
00000000
00000000
00000000
00000000
00000000
00000000
00000000
00000000
00000000
00000000
00000000
00000000
00000000
00000000
00000000
00000000
00000000
00000000
00000000
00000000
00000000
00000000
00000000
00000000
00000000
00000000
00000000
00000000
00000000
00000000
00000000
00000000
00000000
00000000
00000000
00000000
00000000
00000000
00000000
00000000
00000000
00000000
3ea8a8a9
3f39b9ba
3f1f9fa0
3f179798
3e70f0f1
3e109091
00000000
00000000
00000000
00000000
00000000
00000000
00000000
00000000
00000000
00000000
00000000
00000000
00000000
00000000
00000000
00000000
00000000
00000000
00000000
00000000
00000000
00000000
3f5ededf
3f7efeff
3f7efeff
3f7efeff
3f7efeff
3f71f1f2
3f46c6c7
3f46c6c7
3f46c6c7
3f46c6c7
3f46c6c7
3f46c6c7
3f46c6c7
3f46c6c7
3f2aaaab
3e50d0d1
00000000
00000000
00000000
00000000
00000000
00000000
00000000
00000000
00000000
00000000
00000000
00000000
3e868687
3ee4e4e5
3e909091
3ee4e4e5
3f23a3a4
3f63e3e4
3f7efeff
3f61e1e2
3f7efeff
3f7efeff
3f7efeff
3f7afafb
3f65e5e6
3f7efeff
3f7efeff
3f0c8c8d
00000000
00000000
00000000
00000000
00000000
00000000
00000000
00000000
00000000
00000000
00000000
00000000
00000000
00000000
00000000
00000000
00000000
3d888889
3e848485
3d60e0e1
3e868687
3e868687
3e868687
3e6ceced
3da8a8a9
3f6ceced
3f7efeff
3ed4d4d5
00000000
00000000
00000000
00000000
00000000
00000000
00000000
00000000
00000000
00000000
00000000
00000000
00000000
00000000
00000000
00000000
00000000
00000000
00000000
00000000
00000000
00000000
00000000
00000000
3ea6a6a7
3f7dfdfe
3f51d1d2
3d909091
00000000
00000000
00000000
00000000
00000000
00000000
00000000
00000000
00000000
00000000
00000000
00000000
00000000
00000000
00000000
00000000
00000000
00000000
00000000
00000000
00000000
00000000
00000000
3db0b0b1
3f69e9ea
3f800000
3ea6a6a7
00000000
00000000
00000000
00000000
00000000
00000000
00000000
00000000
00000000
00000000
00000000
00000000
00000000
00000000
00000000
00000000
00000000
00000000
00000000
00000000
00000000
00000000
00000000
00000000
3f018182
3f7efeff
3f6eeeef
3e30b0b1
00000000
00000000
00000000
00000000
00000000
00000000
00000000
00000000
00000000
00000000
00000000
00000000
00000000
00000000
00000000
00000000
00000000
00000000
00000000
00000000
00000000
00000000
00000000
3e6ceced
3f79f9fa
3f7efeff
3e78f8f9
00000000
00000000
00000000
00000000
00000000
00000000
00000000
00000000
00000000
00000000
00000000
00000000
00000000
00000000
00000000
00000000
00000000
00000000
00000000
00000000
00000000
00000000
00000000
00000000
3f058586
3f7efeff
3f3bbbbc
3ca0a0a1
00000000
00000000
00000000
00000000
00000000
00000000
00000000
00000000
00000000
00000000
00000000
00000000
00000000
00000000
00000000
00000000
00000000
00000000
00000000
00000000
00000000
00000000
00000000
3d109091
3f4dcdce
3f78f8f9
3e68e8e9
00000000
00000000
00000000
00000000
00000000
00000000
00000000
00000000
00000000
00000000
00000000
00000000
00000000
00000000
00000000
00000000
00000000
00000000
00000000
00000000
00000000
00000000
00000000
00000000
3efcfcfd
3f7efeff
3f36b6b7
00000000
00000000
00000000
00000000
00000000
00000000
00000000
00000000
00000000
00000000
00000000
00000000
00000000
00000000
00000000
00000000
00000000
00000000
00000000
00000000
00000000
00000000
00000000
00000000
3e969697
3f7bfbfc
3f70f0f1
3e64e4e5
00000000
00000000
00000000
00000000
00000000
00000000
00000000
00000000
00000000
00000000
00000000
00000000
00000000
00000000
00000000
00000000
00000000
00000000
00000000
00000000
00000000
00000000
00000000
3d989899
3f5dddde
3f7efeff
3f26a6a7
00000000
00000000
00000000
00000000
00000000
00000000
00000000
00000000
00000000
00000000
00000000
00000000
00000000
00000000
00000000
00000000
00000000
00000000
00000000
00000000
00000000
00000000
00000000
3c40c0c1
3f4bcbcc
3f7efeff
3f5bdbdc
3e0c8c8d
00000000
00000000
00000000
00000000
00000000
00000000
00000000
00000000
00000000
00000000
00000000
00000000
00000000
00000000
00000000
00000000
00000000
00000000
00000000
00000000
00000000
00000000
00000000
3e189899
3f7efeff
3f7efeff
3e9a9a9b
00000000
00000000
00000000
00000000
00000000
00000000
00000000
00000000
00000000
00000000
00000000
00000000
00000000
00000000
00000000
00000000
00000000
00000000
00000000
00000000
00000000
00000000
00000000
3df8f8f9
3f60e0e1
3f7efeff
3ee6e6e7
3b808081
00000000
00000000
00000000
00000000
00000000
00000000
00000000
00000000
00000000
00000000
00000000
00000000
00000000
00000000
00000000
00000000
00000000
00000000
00000000
00000000
00000000
00000000
00000000
3f058586
3f7efeff
3f7efeff
3e50d0d1
00000000
00000000
00000000
00000000
00000000
00000000
00000000
00000000
00000000
00000000
00000000
00000000
00000000
00000000
00000000
00000000
00000000
00000000
00000000
00000000
00000000
00000000
00000000
3e74f4f5
3f72f2f3
3f7efeff
3f7efeff
3e50d0d1
00000000
00000000
00000000
00000000
00000000
00000000
00000000
00000000
00000000
00000000
00000000
00000000
00000000
00000000
00000000
00000000
00000000
00000000
00000000
00000000
00000000
00000000
00000000
3ef2f2f3
3f7efeff
3f7efeff
3f5bdbdc
3e20a0a1
00000000
00000000
00000000
00000000
00000000
00000000
00000000
00000000
00000000
00000000
00000000
00000000
00000000
00000000
00000000
00000000
00000000
00000000
00000000
00000000
00000000
00000000
00000000
3ef2f2f3
3f7efeff
3f4fcfd0
3d909091
00000000
00000000
00000000
00000000
00000000
00000000
00000000
00000000
00000000
00000000
00000000
00000000
00000000
00000000
00000000
00000000
00000000
00000000
00000000
00000000
00000000
00000000
00000000
00000000
00000000
00000000
00000000
00000000
00000000
00000000
00000000
00000000
00000000
00000000
00000000
00000000
00000000
00000000
00000000
00000000
00000000
00000000
3ee5bbba
3f1399fa
3edf80b6
3eea2729
3f406dff
3e5998d8
3e5c685b
3e8b7f5d
3c9bc95e
3ee9cdd8
3ebbb764
3eaae639
3ecffa04
3e92d1ac
3f253be4
3e8a1223
3e8bce4e
3ea6f5ed
3e465d32
3ed04204
3ebeea18
3f06c007
3f076878
3e634577
3f3d1617
3ade121e
00000000
00000000
00000000
00000000
00000000
00000000
00000000
00000000
00000000
00000000
00000000
00000000
00000000
00000000
00000000
00000000
00000000
00000000
00000000
00000000
00000000
00000000
00000000
00000000
00000000
90000000
90002000
90003000
90001000
00000001
0000001c
0000001c
00000005
00000005
00000005
00000005
00000001
00000005
00000005
00004197
80818193
02000e93
0d0efed7
00002eb7
300eaef3
00000e93
80502373
806023f3
40000e13
03c30333
00730133
00000213
80102f73
40000e13
03cf0f33
01e38433
00003517
fc850513
00003617
fc060613
00c50863
00052023
00450513
fec56ce3
803022f3
0002a303
0042a503
0302a383
0342ae03
00003e97
f88e8e93
00003f17
f84f0f13
007ea023
01cf2023
00000f97
018f8f93
305f9073
000300e7
0000400b
0040006f
00100313
00001297
f5428293
0062a023
01410113
00820213
0010200b
5e024057
fe112623
0480200b
fe102e2b
0480200b
fe202c2b
02c52283
fe512e23
01052283
fe512823
fea12c23
00852283
fe512a23
5e004057
214000ef
0010200b
020040d7
00100293
5e02c057
200000ef
0010200b
02004157
00200293
5e02c057
1ec000ef
ff012803
0400200b
961130d7
ff412283
0212c0d7
0000a0fb
13005e63
5e004157
ff812783
0347a303
0307a583
0207a283
01c7a383
0187a483
0147a503
0047a603
0400200b
9625e1d7
027285b3
0007a683
96036257
0400200b
9615e2d7
965862d7
965132d7
025642d7
00259593
00229613
02304357
a644e357
02a48333
96613357
0266c357
00231693
00249713
0240006f
0000205b
0220b157
0255c2d7
5e0843d7
0266c357
00000317
0b43305b
0a23865b
fe7050e3
5e0043d7
02604457
025044d7
0240006f
0000205b
0270b3d7
029644d7
5e03c557
02874457
00000317
fb83305b
fa7508db
fe5050e3
02718557
028045d7
02404657
5e02c6d7
02904757
0280006f
0000205b
5e0047d7
02e23757
0016968b
02c0b657
02b235d7
00000317
fac3305b
fad782db
5e0047d7
6ea54857
6ec4c8d7
27088857
00000317
fcc3305b
fd0782db
0005a7fb
0007287b
a21817d7
02f040d7
fb1ff06f
ff812783
0000205b
5e0041d7
0287a383
0247a483
800032b7
0082a303
00c7a283
ffc12503
00a03533
5e034157
6e111257
5e0542d7
26520257
00000317
0103305b
0041945b
02104157
0000205b
0410200b
a624e0d7
0010200b
a603e0d7
0400200b
96113057
0202c057
0020607b
fec12083
0090200b
7fc020ab
0090200b
7f80212b
fec10113
ff820213
0010200b
5e024057
00008067
00410113
fe112e23
00200293
5e02c0d7
00000317
04c3305b
0200885b
00100293
5e02c0d7
00000317
0383305b
0200825b
5e0040d7
00000317
0283305b
00009e5b
108000ef
0180006f
164000ef
0100006f
12c000ef
0080006f
5e004057
0000205b
ffc12083
ffc10113
00008067
00410113
fe112e23
80302573
00852283
80002373
5208a157
02234057
01852e03
8a0e6057
ffc12083
ffc10113
00008067
00410113
fe112e23
80302573
00852283
80002373
5208a157
02234057
01852e03
01c52e83
03ce8f33
8a0f6057
820e6057
5e0ec0d7
00000317
0143305b
0000c65b
fff00f13
021f4057
0000205b
ffc12083
ffc10113
00008067
00410113
fe112e23
80302573
80002373
5208a157
02234057
01852e03
01c52e83
02052f03
03ce8eb3
820ee057
5e0f40d7
00000317
0143305b
0000c65b
fff00f13
021f4057
0000205b
ffc12083
ffc10113
00008067
00410113
fe112e23
f1dff0ef
80302573
80802373
01852e03
02452e83
03c30fb3
01df8fb3
020fc057
ffc12083
ffc10113
00008067
00410113
fe112e23
f19ff0ef
80902373
01c52383
02852e83
02730e33
01de0e33
020e4057
ffc12083
ffc10113
00008067
00410113
fe112e23
f41ff0ef
80302573
80a02373
02052383
02c52e03
026383b3
01c383b3
0203c057
ffc12083
ffc10113
00008067
800000b8
90004000
00000003
00000001
00000005
00000005
00000001
00000005
00000005
00000000
00000000
00000000
00000000
00000000
00000000
00000000
